1 1 1 1 1 1 1 1 1 1 1 1 1 1 1 1 1 1 1 1 1 1 1 1 1 1 1 1 1 1 1 1
1 3 0 2 2 0 0 0 0 1 0 0 0 B 1 1 1 H 0 0 0 0 0 0 0 0 0 B 2 2 D 1
1 0 1 1 0 1 1 1 2 1 2 1 1 2 0 0 0 0 1 1 0 1 1 C 1 1 0 1 1 1 2 1
1 2 1 0 0 0 0 0 0 0 0 0 0 0 1 2 1 0 0 1 0 1 2 2 0 1 0 2 0 1 2 1
1 2 2 0 1 2 1 1 1 0 1 1 0 1 1 2 1 1 0 2 0 2 2 1 0 0 R 1 0 0 0 1
1 1 1 0 1 0 0 R 0 0 0 2 0 0 0 0 X 0 0 1 0 1 0 1 1 0 1 1 1 1 0 1
1 0 0 2 1 0 1 1 0 1 1 0 1 V 1 1 2 1 2 1 0 0 V 1 0 0 0 0 0 0 0 1
1 B 1 0 0 0 0 A 2 1 0 0 0 0 1 1 2 1 2 2 0 1 0 2 0 1 1 A 1 0 1 1
1 2 1 1 0 1 0 1 0 1 0 1 1 0 2 2 P 2 2 1 1 1 0 1 0 X 0 0 2 0 2 1
1 0 0 2 2 1 0 1 0 X 0 2 2 0 1 1 2 1 1 1 0 C 2 0 0 1 0 1 1 0 1 1
1 1 1 1 2 1 0 0 0 1 0 1 1 0 2 2 2 2 0 0 0 1 1 0 1 1 0 1 0 0 0 1
1 D 2 0 2 0 1 1 0 1 0 0 0 1 0 1 1 1 0 1 2 1 0 0 0 1 0 2 0 1 2 1
1 2 1 0 1 0 0 0 2 0 1 1 0 1 0 0 0 H 0 0 0 0 0 1 2 2 0 1 0 1 1 1
1 0 1 0 1 1 1 0 1 0 0 1 2 2 0 1 0 1 0 1 2 1 0 1 1 C 1 1 0 0 0 1
1 2 0 0 0 2 R 0 1 1 0 1 A 1 1 0 0 1 0 1 0 0 0 0 0 0 0 0 2 1 0 1
1 2 1 1 0 1 1 0 1 0 0 0 0 0 1 X 1 2 2 2 0 1 1 0 1 0 1 R 1 1 2 1
1 2 2 B 0 2 2 0 0 D 1 1 1 0 0 0 A 2 1 1 0 2 2 0 2 0 1 0 2 2 B 1
1 1 1 1 1 1 1 1 1 1 1 1 1 1 1 1 1 1 1 1 1 1 1 1 1 1 1 1 1 1 1 1